Time,Tc,T
0.000000000000000000e+00,3.000000000000000000e+02,3.244754434315989897e+02
1.000000000000000056e-01,3.000000000000000000e+02,3.244754434315989897e+02
2.000000000000000111e-01,3.000000000000000000e+02,3.244754434315989897e+02
3.000000000000000444e-01,3.000000000000000000e+02,3.244754434315989897e+02
4.000000000000000222e-01,3.000000000000000000e+02,3.244754434315989897e+02
5.000000000000000000e-01,3.000000000000000000e+02,3.244754434315989897e+02
6.000000000000000888e-01,3.000000000000000000e+02,3.244754434315989897e+02
7.000000000000000666e-01,3.000000000000000000e+02,3.244754434315989897e+02
8.000000000000000444e-01,3.000000000000000000e+02,3.244754434315989897e+02
9.000000000000000222e-01,3.000000000000000000e+02,3.244754434315989897e+02
1.000000000000000000e+00,3.030000000000000000e+02,3.250746210002531029e+02
1.100000000000000089e+00,3.030000000000000000e+02,3.256227109949380178e+02
1.200000000000000178e+00,3.030000000000000000e+02,3.261270116683272136e+02
1.300000000000000044e+00,3.030000000000000000e+02,3.265933474626007182e+02
1.400000000000000133e+00,3.030000000000000000e+02,3.270264152640633597e+02
1.500000000000000000e+00,3.030000000000000000e+02,3.274300407732680469e+02
1.600000000000000089e+00,3.030000000000000000e+02,3.278073703638276015e+02
1.700000000000000178e+00,3.030000000000000000e+02,3.281610160231219311e+02
1.800000000000000044e+00,3.030000000000000000e+02,3.284931658015852918e+02
1.900000000000000133e+00,3.030000000000000000e+02,3.288056689351308819e+02
2.000000000000000000e+00,3.030000000000000000e+02,3.291001015206399529e+02
2.100000000000000089e+00,3.030000000000000000e+02,3.293778180717076793e+02
2.200000000000000178e+00,3.030000000000000000e+02,3.296399920992951138e+02
2.300000000000000266e+00,3.030000000000000000e+02,3.298876481871156443e+02
2.400000000000000355e+00,3.030000000000000000e+02,3.301216876093616293e+02
2.500000000000000000e+00,3.030000000000000000e+02,3.303429089443926046e+02
2.600000000000000089e+00,3.030000000000000000e+02,3.305520247438310548e+02
2.700000000000000178e+00,3.030000000000000000e+02,3.307496750950993487e+02
2.800000000000000266e+00,3.030000000000000000e+02,3.309364387225612063e+02
2.900000000000000355e+00,3.030000000000000000e+02,3.311128421268389275e+02
3.000000000000000000e+00,3.030000000000000000e+02,3.312793671517080725e+02
3.100000000000000089e+00,3.030000000000000000e+02,3.314364572827998927e+02
3.200000000000000178e+00,3.030000000000000000e+02,3.315845229162472378e+02
3.300000000000000266e+00,3.030000000000000000e+02,3.317239457508236455e+02
3.400000000000000355e+00,3.030000000000000000e+02,3.318550823527191369e+02
3.500000000000000000e+00,3.030000000000000000e+02,3.319782673509554911e+02
3.600000000000000089e+00,3.030000000000000000e+02,3.320938168171250595e+02
3.700000000000000178e+00,3.030000000000000000e+02,3.322020302725586589e+02
3.800000000000000266e+00,3.030000000000000000e+02,3.323031926544396129e+02
3.900000000000000355e+00,3.030000000000000000e+02,3.323975760630491436e+02
4.000000000000000000e+00,3.030000000000000000e+02,3.324854412783547559e+02
4.100000000000000533e+00,3.030000000000000000e+02,3.325670390795244771e+02
4.200000000000000178e+00,3.030000000000000000e+02,3.326426113951970365e+02
4.299999999999999822e+00,3.030000000000000000e+02,3.327123923066388329e+02
4.400000000000000355e+00,3.030000000000000000e+02,3.327766093053666623e+02
4.500000000000000000e+00,3.030000000000000000e+02,3.328354833698904258e+02
4.600000000000000533e+00,3.030000000000000000e+02,3.328892296669617963e+02
4.700000000000000178e+00,3.030000000000000000e+02,3.329380584654385871e+02
4.800000000000000711e+00,3.030000000000000000e+02,3.329821755813063646e+02
4.900000000000000355e+00,3.030000000000000000e+02,3.330217827718139461e+02
5.000000000000000000e+00,3.030000000000000000e+02,3.330570780711802286e+02
5.100000000000000533e+00,3.030000000000000000e+02,3.330882560678684285e+02
5.200000000000000178e+00,3.030000000000000000e+02,3.331155081259483381e+02
5.300000000000000711e+00,3.030000000000000000e+02,3.331390225538622190e+02
5.400000000000000355e+00,3.030000000000000000e+02,3.331589847241484108e+02
5.500000000000000000e+00,3.030000000000000000e+02,3.331755771477465942e+02
5.600000000000000533e+00,3.030000000000000000e+02,3.331889795065034150e+02
5.700000000000000178e+00,3.030000000000000000e+02,3.331993686475308323e+02
5.800000000000000711e+00,3.030000000000000000e+02,3.332069185430812581e+02
5.900000000000000355e+00,3.030000000000000000e+02,3.332118002196429529e+02
6.000000000000000000e+00,3.030000000000000000e+02,3.332141816600189941e+02
6.100000000000000533e+00,3.030000000000000000e+02,3.332142276821775795e+02
6.200000000000000178e+00,3.030000000000000000e+02,3.332120997986855855e+02
6.300000000000000711e+00,3.030000000000000000e+02,3.332079560605743609e+02
6.400000000000000355e+00,3.030000000000000000e+02,3.332019508894272803e+02
6.500000000000000000e+00,3.030000000000000000e+02,3.331942349014586853e+02
6.600000000000000533e+00,3.030000000000000000e+02,3.331849547272565815e+02
6.700000000000000178e+00,3.030000000000000000e+02,3.331742528307346447e+02
6.800000000000000711e+00,3.030000000000000000e+02,3.331622673306861770e+02
6.900000000000000355e+00,3.030000000000000000e+02,3.331491318281318286e+02
7.000000000000000000e+00,3.030000000000000000e+02,3.331349752424202393e+02
7.100000000000000533e+00,3.030000000000000000e+02,3.331199216587842784e+02
7.200000000000000178e+00,3.030000000000000000e+02,3.331040901897629851e+02
7.300000000000000711e+00,3.030000000000000000e+02,3.330875948525951458e+02
7.400000000000000355e+00,3.030000000000000000e+02,3.330705444643630813e+02
7.500000000000000000e+00,3.030000000000000000e+02,3.330530425563321160e+02
7.600000000000000533e+00,3.030000000000000000e+02,3.330351873085999728e+02
7.700000000000000178e+00,3.030000000000000000e+02,3.330170715058271185e+02
7.800000000000000711e+00,3.030000000000000000e+02,3.329987825145032048e+02
7.900000000000000355e+00,3.030000000000000000e+02,3.329804022818818225e+02
8.000000000000000000e+00,3.030000000000000000e+02,3.329620073564318545e+02
8.099999999999999645e+00,3.030000000000000000e+02,3.329436689293679592e+02
8.200000000000001066e+00,3.030000000000000000e+02,3.329254528965963118e+02
8.300000000000000711e+00,3.030000000000000000e+02,3.329074199401554210e+02
8.400000000000000355e+00,3.030000000000000000e+02,3.328896256280901298e+02
8.500000000000000000e+00,3.030000000000000000e+02,3.328721205314793110e+02
8.599999999999999645e+00,3.030000000000000000e+02,3.328549503572733101e+02
8.700000000000001066e+00,3.030000000000000000e+02,3.328381560954423435e+02
8.800000000000000711e+00,3.030000000000000000e+02,3.328217748233034285e+02
8.900000000000000355e+00,3.030000000000000000e+02,3.328058378931354468e+02
9.000000000000000000e+00,3.030000000000000000e+02,3.327903731229098412e+02
9.099999999999999645e+00,3.030000000000000000e+02,3.327754043111274882e+02
9.200000000000001066e+00,3.030000000000000000e+02,3.327609514311010344e+02
9.300000000000000711e+00,3.030000000000000000e+02,3.327470308299060662e+02
9.400000000000000355e+00,3.030000000000000000e+02,3.327336554305186951e+02
9.500000000000000000e+00,3.030000000000000000e+02,3.327208349356889698e+02
9.600000000000001421e+00,3.030000000000000000e+02,3.327085760322078727e+02
9.700000000000001066e+00,3.030000000000000000e+02,3.326968825942738590e+02
9.800000000000000711e+00,3.030000000000000000e+02,3.326857558847364089e+02
9.900000000000000355e+00,3.030000000000000000e+02,3.326751947530097482e+02
1.000000000000000000e+01,2.970000000000000000e+02,3.313907882835130181e+02
1.010000000000000142e+01,2.970000000000000000e+02,3.301003236976075641e+02
1.020000000000000107e+01,2.970000000000000000e+02,3.288458997771467125e+02
1.030000000000000071e+01,2.970000000000000000e+02,3.276602114200434244e+02
1.040000000000000036e+01,2.970000000000000000e+02,3.265656846735743670e+02
1.050000000000000000e+01,2.970000000000000000e+02,3.255751918242733609e+02
1.060000000000000142e+01,2.970000000000000000e+02,3.246936753699542351e+02
1.070000000000000107e+01,2.970000000000000000e+02,3.239200868972380363e+02
1.080000000000000071e+01,2.970000000000000000e+02,3.232492422510672441e+02
1.090000000000000036e+01,2.970000000000000000e+02,3.226733937737524798e+02
1.100000000000000000e+01,2.970000000000000000e+02,3.221834515709948619e+02
1.110000000000000142e+01,2.970000000000000000e+02,3.217698677825493405e+02
1.120000000000000107e+01,2.970000000000000000e+02,3.214232354429096290e+02
1.130000000000000071e+01,2.970000000000000000e+02,3.211346641425495818e+02
1.140000000000000036e+01,2.970000000000000000e+02,3.208959912560788439e+02
1.150000000000000000e+01,2.970000000000000000e+02,3.206998803074085345e+02
1.160000000000000142e+01,2.970000000000000000e+02,3.205398400075040968e+02
1.170000000000000107e+01,2.970000000000000000e+02,3.204101964180759978e+02
1.180000000000000071e+01,2.970000000000000000e+02,3.203060371924257765e+02
1.190000000000000036e+01,2.970000000000000000e+02,3.202231416972999796e+02
1.200000000000000000e+01,2.970000000000000000e+02,3.201579060857905006e+02
1.210000000000000142e+01,2.970000000000000000e+02,3.201072710551794671e+02
1.220000000000000107e+01,2.970000000000000000e+02,3.200686451140012991e+02
1.230000000000000071e+01,2.970000000000000000e+02,3.200398472278266127e+02
1.240000000000000036e+01,2.970000000000000000e+02,3.200190465111691083e+02
1.250000000000000000e+01,2.970000000000000000e+02,3.200047110950422393e+02
1.260000000000000142e+01,2.970000000000000000e+02,3.199955634332310410e+02
1.270000000000000107e+01,2.970000000000000000e+02,3.199905415652407328e+02
1.280000000000000071e+01,2.970000000000000000e+02,3.199887657227188242e+02
1.290000000000000036e+01,2.970000000000000000e+02,3.199895098111159086e+02
1.300000000000000000e+01,2.970000000000000000e+02,3.199921770174871654e+02
1.310000000000000142e+01,2.970000000000000000e+02,3.199962789910916285e+02
1.320000000000000107e+01,2.970000000000000000e+02,3.200014182224626325e+02
1.330000000000000071e+01,2.970000000000000000e+02,3.200072731128398118e+02
1.340000000000000036e+01,2.970000000000000000e+02,3.200135853447324621e+02
1.350000000000000000e+01,2.970000000000000000e+02,3.200201492150168292e+02
1.360000000000000142e+01,2.970000000000000000e+02,3.200268026381926347e+02
1.370000000000000107e+01,2.970000000000000000e+02,3.200334195686900784e+02
1.380000000000000071e+01,2.970000000000000000e+02,3.200399036273961997e+02
1.390000000000000036e+01,2.970000000000000000e+02,3.200461827491124609e+02
1.400000000000000000e+01,2.970000000000000000e+02,3.200522046948680668e+02
1.410000000000000142e+01,2.970000000000000000e+02,3.200579332963584420e+02
1.420000000000000107e+01,2.970000000000000000e+02,3.200633453197218046e+02
1.430000000000000071e+01,2.970000000000000000e+02,3.200684278526643425e+02
1.440000000000000036e+01,2.970000000000000000e+02,3.200731761329171263e+02
1.450000000000000000e+01,2.970000000000000000e+02,3.200775917509636201e+02
1.460000000000000142e+01,2.970000000000000000e+02,3.200816811679753187e+02
1.470000000000000107e+01,2.970000000000000000e+02,3.200854544983716892e+02
1.480000000000000071e+01,2.970000000000000000e+02,3.200889245147956785e+02
1.490000000000000036e+01,2.970000000000000000e+02,3.200921058397035495e+02
1.500000000000000000e+01,2.970000000000000000e+02,3.200950142931981759e+02
1.510000000000000142e+01,2.970000000000000000e+02,3.200976663713593666e+02
1.520000000000000107e+01,2.970000000000000000e+02,3.201000788332568163e+02
1.530000000000000071e+01,2.970000000000000000e+02,3.201022686956152370e+02
1.540000000000000036e+01,2.970000000000000000e+02,3.201042521289451201e+02
1.550000000000000000e+01,2.970000000000000000e+02,3.201060450301092715e+02
1.560000000000000142e+01,2.970000000000000000e+02,3.201076626642260408e+02
1.570000000000000107e+01,2.970000000000000000e+02,3.201091195695343004e+02
1.580000000000000071e+01,2.970000000000000000e+02,3.201104294952399414e+02
1.590000000000000036e+01,2.970000000000000000e+02,3.201116053658096803e+02
1.600000000000000000e+01,2.970000000000000000e+02,3.201126592662565145e+02
1.610000000000000142e+01,2.970000000000000000e+02,3.201136024438760046e+02
1.619999999999999929e+01,2.970000000000000000e+02,3.201144453226718838e+02
1.630000000000000071e+01,2.970000000000000000e+02,3.201151975273645576e+02
1.640000000000000213e+01,2.970000000000000000e+02,3.201158679144330108e+02
1.650000000000000000e+01,2.970000000000000000e+02,3.201164646081102205e+02
1.660000000000000142e+01,2.970000000000000000e+02,3.201169950396487138e+02
1.669999999999999929e+01,2.970000000000000000e+02,3.201174659884989069e+02
1.680000000000000071e+01,2.970000000000000000e+02,3.201178836243257138e+02
1.690000000000000213e+01,2.970000000000000000e+02,3.201182535487929499e+02
1.700000000000000000e+01,2.970000000000000000e+02,3.201185808308863443e+02
1.710000000000000142e+01,2.970000000000000000e+02,3.201188700512700507e+02
1.719999999999999929e+01,2.970000000000000000e+02,3.201191253441243703e+02
1.730000000000000071e+01,2.970000000000000000e+02,3.201193504340103573e+02
1.740000000000000213e+01,2.970000000000000000e+02,3.201195486707611053e+02
1.750000000000000000e+01,2.970000000000000000e+02,3.201197230622979646e+02
1.760000000000000142e+01,2.970000000000000000e+02,3.201198763053343441e+02
1.769999999999999929e+01,2.970000000000000000e+02,3.201200108139726126e+02
1.780000000000000071e+01,2.970000000000000000e+02,3.201201287462128562e+02
1.790000000000000213e+01,2.970000000000000000e+02,3.201202320284434677e+02
1.800000000000000000e+01,2.970000000000000000e+02,3.201203223779871223e+02
1.810000000000000142e+01,2.970000000000000000e+02,3.201204013237878030e+02
1.819999999999999929e+01,2.970000000000000000e+02,3.201204702253441496e+02
1.830000000000000071e+01,2.970000000000000000e+02,3.201205302899837193e+02
1.840000000000000213e+01,2.970000000000000000e+02,3.201205825885930949e+02
1.850000000000000000e+01,2.970000000000000000e+02,3.201206280699029207e+02
1.860000000000000142e+01,2.970000000000000000e+02,3.201206675734349574e+02
1.869999999999999929e+01,2.970000000000000000e+02,3.201207018412148386e+02
1.880000000000000071e+01,2.970000000000000000e+02,3.201207315283425032e+02
1.890000000000000213e+01,2.970000000000000000e+02,3.201207572125227898e+02
1.900000000000000000e+01,3.000000000000000000e+02,3.207037713707682087e+02
1.910000000000000142e+01,3.000000000000000000e+02,3.212077114952338093e+02
1.920000000000000284e+01,3.000000000000000000e+02,3.216453297796047082e+02
1.930000000000000071e+01,3.000000000000000000e+02,3.220267429829483490e+02
1.940000000000000213e+01,3.000000000000000000e+02,3.223600855823264055e+02
1.950000000000000000e+01,3.000000000000000000e+02,3.226519840609483367e+02
1.960000000000000142e+01,3.000000000000000000e+02,3.229079044953552966e+02
1.970000000000000284e+01,3.000000000000000000e+02,3.231324100152856431e+02
1.980000000000000071e+01,3.000000000000000000e+02,3.233293535335436673e+02
1.990000000000000213e+01,3.000000000000000000e+02,3.235020217294028271e+02
2.000000000000000000e+01,3.000000000000000000e+02,3.236532456236975008e+02
2.010000000000000142e+01,3.000000000000000000e+02,3.237854845773005081e+02
2.020000000000000284e+01,3.000000000000000000e+02,3.239008912194690311e+02
2.030000000000000071e+01,3.000000000000000000e+02,3.240013632601552445e+02
2.040000000000000213e+01,3.000000000000000000e+02,3.240885804608979583e+02
2.050000000000000000e+01,3.000000000000000000e+02,3.241640369751861499e+02
2.060000000000000142e+01,3.000000000000000000e+02,3.242290667170016150e+02
2.070000000000000284e+01,3.000000000000000000e+02,3.242848636149694244e+02
2.080000000000000071e+01,3.000000000000000000e+02,3.243324981906317248e+02
2.090000000000000213e+01,3.000000000000000000e+02,3.243729313090207711e+02
2.100000000000000000e+01,3.000000000000000000e+02,3.244070257442103866e+02
2.110000000000000142e+01,3.000000000000000000e+02,3.244355560469291504e+02
2.120000000000000284e+01,3.000000000000000000e+02,3.244592170807855496e+02
2.130000000000000071e+01,3.000000000000000000e+02,3.244786314813399599e+02
2.140000000000000213e+01,3.000000000000000000e+02,3.244943561714507041e+02
2.150000000000000000e+01,3.000000000000000000e+02,3.245068885717613512e+02
2.160000000000000142e+01,3.000000000000000000e+02,3.245166722530510697e+02
2.170000000000000284e+01,3.000000000000000000e+02,3.245241014740176979e+02
2.180000000000000071e+01,3.000000000000000000e+02,3.245295257027577804e+02
2.190000000000000213e+01,3.000000000000000000e+02,3.245332537778731989e+02
2.200000000000000000e+01,3.000000000000000000e+02,3.245355577456763285e+02
2.210000000000000142e+01,3.000000000000000000e+02,3.245366764024752229e+02
2.220000000000000284e+01,3.000000000000000000e+02,3.245368185650254986e+02
2.230000000000000071e+01,3.000000000000000000e+02,3.245361660879779606e+02
2.240000000000000213e+01,3.000000000000000000e+02,3.245348766442060082e+02
2.250000000000000000e+01,3.000000000000000000e+02,3.245330862819363347e+02
2.260000000000000142e+01,3.000000000000000000e+02,3.245309117713390492e+02
2.270000000000000284e+01,3.000000000000000000e+02,3.245284527524440250e+02
2.280000000000000071e+01,3.000000000000000000e+02,3.245257936957609104e+02
2.290000000000000213e+01,3.000000000000000000e+02,3.245230056866722634e+02
2.300000000000000000e+01,3.000000000000000000e+02,3.245201480444583808e+02
2.310000000000000142e+01,3.000000000000000000e+02,3.245172697866221938e+02
2.320000000000000284e+01,3.000000000000000000e+02,3.245144109489966695e+02
2.330000000000000071e+01,3.000000000000000000e+02,3.245116037718942152e+02
2.340000000000000213e+01,3.000000000000000000e+02,3.245088737622870667e+02
2.350000000000000000e+01,3.000000000000000000e+02,3.245062408972420940e+02
2.360000000000000142e+01,3.000000000000000000e+02,3.245037195936499188e+02
2.370000000000000284e+01,3.000000000000000000e+02,3.245013204197117034e+02
2.380000000000000071e+01,3.000000000000000000e+02,3.244990504091800858e+02
2.390000000000000213e+01,3.000000000000000000e+02,3.244969136404528172e+02
2.400000000000000000e+01,3.000000000000000000e+02,3.244949117437838026e+02
2.410000000000000142e+01,3.000000000000000000e+02,3.244930443436771270e+02
2.420000000000000284e+01,3.000000000000000000e+02,3.244913094430368687e+02
2.430000000000000071e+01,3.000000000000000000e+02,3.244897037551655785e+02
2.440000000000000213e+01,3.000000000000000000e+02,3.244882229892273813e+02
2.450000000000000000e+01,3.000000000000000000e+02,3.244868620943346400e+02
2.460000000000000142e+01,3.000000000000000000e+02,3.244856154669728880e+02
2.470000000000000284e+01,3.000000000000000000e+02,3.244844771260589482e+02
2.480000000000000071e+01,3.000000000000000000e+02,3.244834408595269224e+02
2.490000000000000213e+01,3.000000000000000000e+02,3.244825003459578738e+02
2.500000000000000000e+01,3.000000000000000000e+02,3.244816492544146627e+02
